R2-Score: -0.08513172461497054 
 MAE-Score: 1183.2571970147271